N = 100  π ≈ 3.200000  |error| = 0.058407
N = 1,000  π ≈ 3.080000  |error| = 0.061593
N = 10,000  π ≈ 3.155600  |error| = 0.014007
N = 100,000  π ≈ 3.136720  |error| = 0.004873
