f(1,2)   = 3.627579
df/dx    = 4.604270
df/dy    = -0.416147
