p=  1.0  x*=1.000000  IFT grad=0.333333  analytic=0.333333
p=  8.0  x*=2.000000  IFT grad=0.083333  analytic=0.083333
p= 27.0  x*=3.000000  IFT grad=0.037037  analytic=0.037037
